0 0.371088 0.806022 0.034375 0.019089
2 0.592938 0.808567 0.065825 0.026711
2 0.180725 0.809839 0.065850 0.031811
0 0.159250 0.101828 0.057250 0.022900
0 0.368225 0.099917 0.063000 0.021633
0 0.577200 0.100550 0.068700 0.027989
0 0.770425 0.094828 0.065850 0.029256
0 0.970375 0.096100 0.059250 0.021622
0 0.984688 0.799661 0.030625 0.021633
0 0.159250 0.282483 0.045800 0.012722
0 0.368225 0.285667 0.063000 0.026711
0 0.578625 0.286939 0.054400 0.026722
0 0.787600 0.285028 0.071550 0.033078
0 0.783300 0.807294 0.045800 0.021633
0 0.977525 0.280578 0.044950 0.021622
0 0.159263 0.457422 0.062975 0.034356
0 0.365362 0.454239 0.074425 0.022900
0 0.570037 0.452972 0.065825 0.027989
0 0.780450 0.451694 0.057250 0.022900
0 0.978963 0.450422 0.042075 0.030533
0 0.157825 0.637450 0.065850 0.027989
0 0.376812 0.638722 0.062975 0.020356
0 0.578625 0.637450 0.054400 0.027989
0 0.790462 0.640628 0.037225 0.031811
0 0.983250 0.639989 0.033500 0.030533
