1 0.946475 0.674339 0.091600 0.027989
1 0.351050 0.119000 0.114500 0.034356
1 0.638737 0.120272 0.100175 0.029256
1 0.932163 0.120272 0.097325 0.024167
1 0.933588 0.310472 0.094475 0.033078
1 0.660200 0.312383 0.103050 0.034344
1 0.358212 0.306656 0.128825 0.040711
1 0.348188 0.492411 0.091625 0.030533
1 0.644462 0.853094 0.083025 0.029256
1 0.651612 0.493683 0.108775 0.022900
1 0.349625 0.851189 0.100200 0.035622
1 0.945037 0.495589 0.100175 0.016533
1 0.950763 0.857544 0.071575 0.020356
1 0.349625 0.671800 0.077300 0.035622
1 0.658775 0.669889 0.105900 0.034356
