0 0.488462 0.118367 0.051525 0.020356
1 0.029537 0.853728 0.059075 0.027989
1 0.025238 0.667978 0.050475 0.035622
1 0.028100 0.495589 0.056200 0.024178
1 0.023813 0.307933 0.047625 0.025444
1 0.028100 0.121544 0.056200 0.021622
0 0.269462 0.113278 0.048675 0.025444
0 0.696000 0.119000 0.088750 0.016533
0 0.899238 0.119000 0.071575 0.031800
0 0.279475 0.307928 0.080150 0.033078
0 0.491325 0.314928 0.091600 0.034344
0 0.694562 0.319378 0.120225 0.050889
0 0.916412 0.315561 0.111625 0.043256
0 0.283775 0.486683 0.065850 0.024167
0 0.487025 0.483506 0.060100 0.022900
0 0.727488 0.486044 0.083025 0.020356
0 0.909250 0.486683 0.057250 0.031811
0 0.285200 0.669889 0.080150 0.021622
0 0.499900 0.670528 0.057250 0.027989
0 0.711738 0.673067 0.062975 0.020356
0 0.923575 0.676883 0.091600 0.033078
0 0.298088 0.845461 0.077275 0.036900
0 0.509925 0.842283 0.048650 0.022900
0 0.717463 0.842283 0.068725 0.022900
0 0.917850 0.839100 0.045800 0.029267
