1 0.624425 0.795844 0.117350 0.044533
1 0.326725 0.799661 0.111650 0.044522
1 0.313837 0.622178 0.114525 0.040711
1 0.323863 0.452333 0.128825 0.044533
1 0.322425 0.262133 0.131700 0.040711
1 0.312412 0.080200 0.117375 0.030533
0 0.036163 0.087767 0.062975 0.040844
0 0.023813 0.272878 0.047625 0.031933
0 0.029013 0.442089 0.054375 0.026844
0 0.030963 0.626572 0.061925 0.029389
2 0.045275 0.795844 0.090550 0.034356
1 0.602962 0.082100 0.143125 0.044533
1 0.608675 0.265311 0.125950 0.039444
1 0.608675 0.441522 0.137400 0.040711
1 0.620125 0.613911 0.125950 0.047067
