0 0.741788 0.642539 0.048675 0.022900
2 0.952200 0.644444 0.057250 0.029267
2 0.740362 0.813022 0.074425 0.020356
2 0.957925 0.818106 0.080150 0.033078
1 0.235113 0.113278 0.191775 0.030533
1 0.243700 0.342917 0.191800 0.031811
1 0.232250 0.576378 0.191800 0.030533
1 0.256588 0.804111 0.200375 0.030533
0 0.739788 0.102333 0.071575 0.029267
0 0.932163 0.095467 0.040075 0.025444
0 0.723187 0.286306 0.062975 0.027989
0 0.939313 0.286939 0.060125 0.026722
0 0.728912 0.452967 0.074425 0.020356
0 0.945037 0.459328 0.071575 0.038167
