0 0.570037 0.449150 0.060125 0.022900
0 0.150675 0.095461 0.045800 0.017811
0 0.361075 0.094194 0.065850 0.017811
0 0.557163 0.094189 0.040075 0.020356
0 0.763275 0.093556 0.045800 0.021622
0 0.969363 0.092917 0.051525 0.022900
0 0.152100 0.282483 0.060100 0.022900
0 0.356775 0.279306 0.045800 0.019078
0 0.570037 0.279939 0.048675 0.017811
0 0.972237 0.278033 0.040075 0.021622
0 0.160688 0.453606 0.042925 0.029256
0 0.365362 0.457422 0.051525 0.021622
0 0.974662 0.448517 0.050675 0.021633
0 0.981825 0.630450 0.036350 0.019078
0 0.983250 0.797750 0.033500 0.017811
0 0.575763 0.632994 0.025775 0.011456
0 0.372525 0.638083 0.054400 0.013989
0 0.163550 0.632994 0.060100 0.021633
0 0.156388 0.806022 0.051525 0.026711
0 0.363925 0.806022 0.054400 0.024178
0 0.585788 0.802844 0.074425 0.025444
2 0.776150 0.274856 0.071550 0.020356
2 0.780437 0.448517 0.062975 0.031811
2 0.780438 0.630450 0.051525 0.021633
2 0.570000 0.702000 0.051525 0.021633
0 0.780000 0.800000 0.052222 0.021633
