0 0.076237 0.444700 0.040075 0.019089
0 0.080537 0.630450 0.037225 0.021633
0 0.273762 0.629178 0.040075 0.016533
0 0.485600 0.625361 0.045800 0.016544
0 0.091987 0.802206 0.071575 0.031811
0 0.288062 0.797117 0.062975 0.016544
2 0.502763 0.792028 0.097325 0.039433
1 0.784725 0.795844 0.123100 0.036889
1 0.768988 0.619000 0.091625 0.031800
1 0.771850 0.444061 0.097350 0.038167
1 0.773275 0.266583 0.088750 0.029256
1 0.771850 0.083378 0.091600 0.031800
0 0.479875 0.085289 0.080150 0.035622
0 0.272325 0.086561 0.042950 0.022900
0 0.071950 0.089100 0.048650 0.020356
0 0.073375 0.274217 0.057250 0.021633
0 0.270887 0.271672 0.028625 0.019078
0 0.479875 0.267222 0.045800 0.020356
0 0.481300 0.441522 0.042950 0.020356
0 0.276625 0.440883 0.045800 0.024167
