0 0.245125 0.832739 0.091600 0.029256
0 0.436938 0.108822 0.051525 0.026711
0 0.217938 0.110728 0.025775 0.033078
0 0.022375 0.113911 0.044750 0.024178
0 0.028100 0.302844 0.056200 0.025444
0 0.230825 0.299661 0.080150 0.029256
0 0.434063 0.297756 0.074425 0.020356
0 0.454100 0.473961 0.068700 0.029256
0 0.249425 0.477144 0.094450 0.030533
0 0.031875 0.477778 0.060100 0.024178
0 0.028100 0.659072 0.056200 0.027989
0 0.236537 0.662256 0.062975 0.021622
0 0.442650 0.656528 0.034350 0.027989
0 0.461262 0.834011 0.088725 0.016533
0 0.053338 0.827650 0.040075 0.029256
