0 0.635875 0.456789 0.042950 0.030533
2 0.232250 0.644444 0.077300 0.024178
2 0.230825 0.808567 0.068700 0.026711
2 0.040987 0.814294 0.081975 0.027989
0 0.028100 0.458056 0.056200 0.025444
0 0.023813 0.642533 0.047625 0.025444
0 0.018087 0.292600 0.036175 0.020489
0 0.023813 0.104306 0.047625 0.020478
0 0.226525 0.099283 0.060100 0.017811
0 0.428337 0.099917 0.040075 0.026722
0 0.631575 0.098644 0.057250 0.029267
0 0.217938 0.286939 0.054375 0.029256
0 0.432638 0.287578 0.054375 0.020356
0 0.633012 0.285033 0.048675 0.020356
0 0.853437 0.285667 0.054375 0.019089
0 0.830538 0.098644 0.060125 0.021622
0 0.220800 0.458694 0.037200 0.026722
0 0.439800 0.459967 0.068700 0.019089
0 0.836263 0.454878 0.037225 0.026711
0 0.438362 0.640628 0.054375 0.029256
0 0.645900 0.639994 0.045800 0.022900
0 0.859162 0.637450 0.042925 0.022900
0 0.434063 0.806022 0.040075 0.014000
0 0.643025 0.811744 0.057250 0.025444
0 0.853437 0.809839 0.077275 0.029256
