1 0.900675 0.493678 0.114500 0.020356
1 0.018087 0.307294 0.036175 0.021633
1 0.025238 0.495589 0.050475 0.024178
1 0.023813 0.674339 0.047625 0.022900
1 0.026675 0.858183 0.053350 0.034344
1 0.299525 0.120906 0.103050 0.027989
1 0.598662 0.119000 0.100175 0.019089
1 0.903538 0.122183 0.108775 0.022900
1 0.302375 0.309206 0.103050 0.033078
1 0.601525 0.307928 0.083000 0.027989
1 0.900675 0.308567 0.091600 0.026711
1 0.310975 0.493044 0.103050 0.021622
1 0.605813 0.494956 0.097325 0.030533
1 0.306675 0.673067 0.077300 0.025444
1 0.600100 0.668617 0.091600 0.024167
1 0.903537 0.673072 0.062975 0.022900
1 0.305237 0.858183 0.074425 0.024167
1 0.598662 0.855000 0.088725 0.025444
1 0.902100 0.856911 0.088750 0.021622
1 0.029537 0.121544 0.059075 0.029267
